VERSION 3
POINT_NUMB ADDR ID                                   TYP MESSAGE                              ALM   EQ  INF   OR  UN  RTU  ASDU       KCONV1       KCONV2  SUPCMD  DC  PR       INIVAL "SUBEST~BAY~DESCRIPTION"
      1       0 ПС35-OK                                D Нормальний/Тривога                   106   27    0    0   t    0     1       1.0000       0.0000       0   0   1       0.0000 "ПС35~Q1H~Сигнал справності"
      2       0 ПС35-FREQ                              A Гц                                   101    1    0    0   t    0    13       1.0000       0.0000       0  -2   2       0.0000 "ПС35~Q1H~Частота"
  11001       0 ПС35Q1H-U                              A кВ                                   101    1    0    0   t    0    13       1.0000       0.0000       0  -2   2       0.0000 "ПС35~Q1H~Напруга"
  11002       0 ПС35Q1H-I                              A А                                    102    2    0    0   t    0    13       1.0000       0.0000       0  -2   2       0.0000 "ПС35~Q1H~Струм"
  11003       0 ПС35Q1H-P                              A МВт                                  103    3    0    0   t    0    13       1.0000       0.0000       0  -2   2       0.0000 "ПС35~Q1H~АктивнаПотужність "
  11004       0 ПС35Q1H-Q                              A МВар                                 104    4    0    0   t    0    13       1.0000       0.0000       0  -2   2       0.0000 "ПС35~Q1H~РеактивнаПотужність"
  11005       0 ПС35Q1H-A                              A МВА                                  105    8    0    0   t    0    13       1.0000       0.0000       0  -2   2       0.0000 "ПС35~Q1H~ПовнаПотужність"
  11006       0 ПС35Q1H-BB                             D Виведено/Введено                       0   28    0    0   t    0     2       1.0000       0.0000       0   0   2       1.0000 "ПС35~Q1H~ПоложенняВВ"
  11007       0 ПС35Q1H-TK_BB                          D Виведено/Введено                       0   28    0    7   t    0    45       1.0000       0.0000       1   3   2       0.0000 "ПС35~Q1H~ТелекеруванняяВВ"
  11008       0 ПС35Q1H-Avar                           D Тривога/немає                        105   27    0    0   E    0     1       1.0000       0.0000       0   0   0       0.0000 "ПС35~Q1H~АварійнеВимкненняВВ"
  11009       0 ПС35Q1H-Fault                          D Тривога/немає                        106   27    0    0   E    0     1       1.0000       0.0000       0   0   0       0.0000 "ПС35~Q1H~НесправністьВВ"
  11010       0 ПС35Q1H-AnFault                        D Тривога/немає                        106   27    0    0   E    0     1       1.0000       0.0000       0   0   1       0.0000 "ПС35~Q1H~ТривогаАналоговихВимірів"
  11011       0 ПС35Q1H-3H3                            D Виведено/Введено                     106   27    0    0   E    0     1       1.0000       0.0000       0   0   0       0.0000 "ПС35~Q1H~ПоложенняЗаземлювача"
  13001       0 ПС35Q3H-U                              A кВ                                   101    1    0    0   t    0    13       1.0000       0.0000       0  -2   2       0.0000 "ПС35~Q3H~Напруга"
  13002       0 ПС35Q3H-I                              A А                                    102    2    0    0   t    0    13       1.0000       0.0000       0  -2   2       0.0000 "ПС35~Q3H~Струм"
  13003       0 ПС35Q3H-P                              A МВт                                  103    3    0    0   t    0    13       1.0000       0.0000       0  -2   2       0.0000 "ПС35~Q3H~АктивнаПотужність "
  13004       0 ПС35Q3H-Q                              A МВар                                 104    4    0    0   t    0    13       1.0000       0.0000       0  -2   2       0.0000 "ПС35~Q3H~РеактивнаПотужність"
  13005       0 ПС35Q3H-A                              A МВА                                  105    8    0    0   t    0    13       1.0000       0.0000       0  -2   2       0.0000 "ПС35~Q3H~ПовнаПотужність"
  13006       0 ПС35Q3H-BB                             D Виведено/Введено                       0   28    0    0   t    0     2       1.0000       0.0000       0   0   2       1.0000 "ПС35~Q3H~ПоложенняВВ"
  13007       0 ПС35Q3H-TK_BB                          D Виведено/Введено                       0   28    0    7   t    0    45       1.0000       0.0000       1   3   2       0.0000 "ПС35~Q3H~ТелекеруванняяВВ"
  13008       0 ПС35Q3H-Avar                           D Тривога/немає                        105   27    0    0   E    0     1       1.0000       0.0000       0   0   0       0.0000 "ПС35~Q3H~АварійнеВимкненняВВ"
  13009       0 ПС35Q3H-Fault                          D Тривога/немає                        106   27    0    0   E    0     1       1.0000       0.0000       0   0   0       0.0000 "ПС35~Q3H~НесправністьВВ"
  13010       0 ПС35Q3H-AnFault                        D Тривога/немає                        106   27    0    0   E    0     1       1.0000       0.0000       0   0   1       0.0000 "ПС35~Q3H~ТривогаАналоговихВимірів"
  13011       0 ПС35Q3H-3H3                            D Виведено/Введено                     106   27    0    0   E    0     1       1.0000       0.0000       0   0   0       0.0000 "ПС35~Q3H~ПоложенняЗаземлювача"
  16006       0 ПС35Q6H-BB                             D Виведено/Введено                       0   28    0    0   t    0     2       1.0000       0.0000       0   0   2       1.0000 "ПС35~Q6H~ПоложенняВВ"
  16007       0 ПС35Q6H-TK_BB                          D Виведено/Введено                       0   28    0    7   t    0    45       1.0000       0.0000       1   3   2       0.0000 "ПС35~Q6H~ТелекеруванняяВВ"
  16008       0 ПС35Q6H-Avar                           D Тривога/немає                        105   27    0    0   E    0     1       1.0000       0.0000       0   0   0       0.0000 "ПС35~Q6H~АварійнеВимкненняВВ"
  16009       0 ПС35Q6H-Fault                          D Тривога/немає                        106   27    0    0   E    0     1       1.0000       0.0000       0   0   0       0.0000 "ПС35~Q6H~НесправністьВВ"
 111001       0 ПС35Q11H-U                             A кВ                                   101    1    0    0   t    0    13       1.0000       0.0000       0  -2   2       0.0000 "ПС35~Q11H~Напруга"
 111002       0 ПС35Q11H-I                             A А                                    102    2    0    0   t    0    13       1.0000       0.0000       0  -2   2       0.0000 "ПС35~Q11H~Струм"
 111003       0 ПС35Q11H-P                             A МВт                                  103    3    0    0   t    0    13       1.0000       0.0000       0  -2   2       0.0000 "ПС35~Q11H~АктивнаПотужність "
 111004       0 ПС35Q11H-Q                             A МВар                                 104    4    0    0   t    0    13       1.0000       0.0000       0  -2   2       0.0000 "ПС35~Q11H~РеактивнаПотужність"
 111005       0 ПС35Q11H-A                             A МВА                                  105    8    0    0   t    0    13       1.0000       0.0000       0  -2   2       0.0000 "ПС35~Q11H~ПовнаПотужність"
 111006       0 ПС35Q11H-BB                            D Виведено/Введено                       0   28    0    0   t    0     2       1.0000       0.0000       0   0   2       1.0000 "ПС35~Q11H~ПоложенняВВ"
 111007       0 ПС35Q11H-TK_BB                         D Виведено/Введено                       0   28    0    7   t    0    45       1.0000       0.0000       1   3   2       0.0000 "ПС35~Q11H~ТелекеруванняяВВ"
 111008       0 ПС35Q11H-Avar                          D Тривога/немає                        105   27    0    0   E    0     1       1.0000       0.0000       0   0   0       0.0000 "ПС35~Q11H~АварійнеВимкненняВВ"
 111009       0 ПС35Q11H-Fault                         D Тривога/немає                        106   27    0    0   E    0     1       1.0000       0.0000       0   0   0       0.0000 "ПС35~Q11H~НесправністьВВ"
 111010       0 ПС35Q11H-AnFault                       D Тривога/немає                        106   27    0    0   E    0     1       1.0000       0.0000       0   0   1       0.0000 "ПС35~Q11H~ТривогаАналоговихВимірів"
 111011       0 ПС35Q11H-3H3                           D Виведено/Введено                     106   27    0    0   E    0     1       1.0000       0.0000       0   0   0       0.0000 "ПС35~Q11H~ПоложенняЗаземлювача"
  12001       0 ПС35Q2H-U                              A кВ                                   101    1    0    0   t    0    13       1.0000       0.0000       0  -2   2       0.0000 "ПС35~Q2H~Напруга"
  12002       0 ПС35Q2H-I                              A А                                    102    2    0    0   t    0    13       1.0000       0.0000       0  -2   2       0.0000 "ПС35~Q2H~Струм"
  12003       0 ПС35Q2H-P                              A МВт                                  103    3    0    0   t    0    13       1.0000       0.0000       0  -2   2       0.0000 "ПС35~Q2H~АктивнаПотужність "
  12004       0 ПС35Q2H-Q                              A МВар                                 104    4    0    0   t    0    13       1.0000       0.0000       0  -2   2       0.0000 "ПС35~Q2H~РеактивнаПотужність"
  12005       0 ПС35Q2H-A                              A МВА                                  105    8    0    0   t    0    13       1.0000       0.0000       0  -2   2       0.0000 "ПС35~Q2H~ПовнаПотужність"
  12006       0 ПС35Q2H-BB                             D Виведено/Введено                       0   28    0    0   t    0     2       1.0000       0.0000       0   0   2       1.0000 "ПС35~Q2H~ПоложенняВВ"
  12007       0 ПС35Q2H-TK_BB                          D Виведено/Введено                       0   28    0    7   t    0    45       1.0000       0.0000       1   3   2       0.0000 "ПС35~Q2H~ТелекеруванняяВВ"
  12008       0 ПС35Q2H-Avar                           D Тривога/немає                        105   27    0    0   E    0     1       1.0000       0.0000       0   0   0       0.0000 "ПС35~Q2H~АварійнеВимкненняВВ"
  12009       0 ПС35Q2H-Fault                          D Тривога/немає                        106   27    0    0   E    0     1       1.0000       0.0000       0   0   0       0.0000 "ПС35~Q2H~НесправністьВВ"
  12010       0 ПС35Q2H-AnFault                        D Тривога/немає                        106   27    0    0   E    0     1       1.0000       0.0000       0   0   1       0.0000 "ПС35~Q2H~ТривогаАналоговихВимірів"
  12011       0 ПС35Q2H-3H3                            D Виведено/Введено                     106   27    0    0   E    0     1       1.0000       0.0000       0   0   0       0.0000 "ПС35~Q2H~ПоложенняЗаземлювача"
  14001       0 ПС35Q4H-U                              A кВ                                   101    1    0    0   t    0    13       1.0000       0.0000       0  -2   2       0.0000 "ПС35~Q4H~Напруга"
  14002       0 ПС35Q4H-I                              A А                                    102    2    0    0   t    0    13       1.0000       0.0000       0  -2   2       0.0000 "ПС35~Q4H~Струм"
  14003       0 ПС35Q4H-P                              A МВт                                  103    3    0    0   t    0    13       1.0000       0.0000       0  -2   2       0.0000 "ПС35~Q4H~АктивнаПотужність "
  14004       0 ПС35Q4H-Q                              A МВар                                 104    4    0    0   t    0    13       1.0000       0.0000       0  -2   2       0.0000 "ПС35~Q4H~РеактивнаПотужність"
  14005       0 ПС35Q4H-A                              A МВА                                  105    8    0    0   t    0    13       1.0000       0.0000       0  -2   2       0.0000 "ПС35~Q4H~ПовнаПотужність"
  14006       0 ПС35Q4H-BB                             D Виведено/Введено                       0   28    0    0   t    0     2       1.0000       0.0000       0   0   2       1.0000 "ПС35~Q4H~ПоложенняВВ"
  14007       0 ПС35Q4H-TK_BB                          D Виведено/Введено                       0   28    0    7   t    0    45       1.0000       0.0000       1   3   2       0.0000 "ПС35~Q4H~ТелекеруванняяВВ"
  14008       0 ПС35Q4H-Avar                           D Тривога/немає                        105   27    0    0   E    0     1       1.0000       0.0000       0   0   0       0.0000 "ПС35~Q4H~АварійнеВимкненняВВ"
  14009       0 ПС35Q4H-Fault                          D Тривога/немає                        106   27    0    0   E    0     1       1.0000       0.0000       0   0   0       0.0000 "ПС35~Q4H~НесправністьВВ"
  14010       0 ПС35Q4H-AnFault                        D Тривога/немає                        106   27    0    0   E    0     1       1.0000       0.0000       0   0   1       0.0000 "ПС35~Q4H~ТривогаАналоговихВимірів"
  14011       0 ПС35Q4H-3H3                            D Виведено/Введено                     106   27    0    0   E    0     1       1.0000       0.0000       0   0   0       0.0000 "ПС35~Q4H~ПоложенняЗаземлювача"
  15006       0 ПС35Q5H-ТН                             D Виведено/Введено                       0   28    0    0   t    0     2       1.0000       0.0000       0   0   2       1.0000 "ПС35~Q5H~ТН в роботі"
  15009       0 ПС35Q5H-Fault                          D Тривога/немає                        106   27    0    0   E    0     1       1.0000       0.0000       0   0   0       0.0000 "ПС35~Q5H~НесправністьВВ"
  15011       0 ПС35Q5H-3H3                            D Виведено/Введено                     106   27    0    0   E    0     1       1.0000       0.0000       0   0   0       0.0000 "ПС35~Q5H~ПоложенняЗаземлювача"
  17009       0 ПС35Q7H-Fault                          D Тривога/немає                        106   27    0    0   E    0     1       1.0000       0.0000       0   0   0       0.0000 "ПС35~Q7H~Несправність"
  18006       0 ПС35Q8H-ТН                             D Виведено/Введено                       0   28    0    0   t    0     2       1.0000       0.0000       0   0   2       1.0000 "ПС35~Q8H~ТН в роботі"
  18009       0 ПС35Q8H-Fault                          D Тривога/немає                        106   27    0    0   E    0     1       1.0000       0.0000       0   0   0       0.0000 "ПС35~Q8H~НесправністьВВ"
  18011       0 ПС35Q8H-3H3                            D Виведено/Введено                     106   27    0    0   E    0     1       1.0000       0.0000       0   0   0       0.0000 "ПС35~Q8H~ПоложенняЗаземлювача"
  19001       0 ПС35Q9H-U                              A кВ                                   101    1    0    0   t    0    13       1.0000       0.0000       0  -2   2       0.0000 "ПС35~Q9H~Напруга"
  19002       0 ПС35Q9H-I                              A А                                    102    2    0    0   t    0    13       1.0000       0.0000       0  -2   2       0.0000 "ПС35~Q9H~Струм"
  19003       0 ПС35Q9H-P                              A МВт                                  103    3    0    0   t    0    13       1.0000       0.0000       0  -2   2       0.0000 "ПС35~Q9H~АктивнаПотужність "
  19004       0 ПС35Q9H-Q                              A МВар                                 104    4    0    0   t    0    13       1.0000       0.0000       0  -2   2       0.0000 "ПС35~Q9H~РеактивнаПотужність"
  19005       0 ПС35Q9H-A                              A МВА                                  105    8    0    0   t    0    13       1.0000       0.0000       0  -2   2       0.0000 "ПС35~Q9H~ПовнаПотужність"
  19006       0 ПС35Q9H-BB                             D Виведено/Введено                       0   28    0    0   t    0     2       1.0000       0.0000       0   0   2       1.0000 "ПС35~Q9H~ПоложенняВВ"
  19007       0 ПС35Q9H-TK_BB                          D Виведено/Введено                       0   28    0    7   t    0    45       1.0000       0.0000       1   3   2       0.0000 "ПС35~Q9H~ТелекеруванняяВВ"
  19008       0 ПС35Q9H-Avar                           D Тривога/немає                        105   27    0    0   E    0     1       1.0000       0.0000       0   0   0       0.0000 "ПС35~Q9H~АварійнеВимкненняВВ"
  19009       0 ПС35Q9H-Fault                          D Тривога/немає                        106   27    0    0   E    0     1       1.0000       0.0000       0   0   0       0.0000 "ПС35~Q9H~НесправністьВВ"
  19010       0 ПС35Q9H-AnFault                        D Тривога/немає                        106   27    0    0   E    0     1       1.0000       0.0000       0   0   1       0.0000 "ПС35~Q9H~ТривогаАналоговихВимірів"
  19011       0 ПС35Q9H-3H3                            D Виведено/Введено                     106   27    0    0   E    0     1       1.0000       0.0000       0   0   0       0.0000 "ПС35~Q9H~ПоложенняЗаземлювача"
 110001       0 ПС35Q10H-U                             A кВ                                   101    1    0    0   t    0    13       1.0000       0.0000       0  -2   2       0.0000 "ПС35~Q10H~Напруга"
 110002       0 ПС35Q10H-I                             A А                                    102    2    0    0   t    0    13       1.0000       0.0000       0  -2   2       0.0000 "ПС35~Q10H~Струм"
 110003       0 ПС35Q10H-P                             A МВт                                  103    3    0    0   t    0    13       1.0000       0.0000       0  -2   2       0.0000 "ПС35~Q10H~АктивнаПотужність "
 110004       0 ПС35Q10H-Q                             A МВар                                 104    4    0    0   t    0    13       1.0000       0.0000       0  -2   2       0.0000 "ПС35~Q10H~РеактивнаПотужність"
 110005       0 ПС35Q10H-A                             A МВА                                  105    8    0    0   t    0    13       1.0000       0.0000       0  -2   2       0.0000 "ПС35~Q10H~ПовнаПотужність"
 110006       0 ПС35Q10H-BB                            D Виведено/Введено                       0   28    0    0   t    0     2       1.0000       0.0000       0   0   2       1.0000 "ПС35~Q10H~ПоложенняВВ"
 110007       0 ПС35Q10H-TK_BB                         D Виведено/Введено                       0   28    0    7   t    0    45       1.0000       0.0000       1   3   2       0.0000 "ПС35~Q10H~ТелекеруванняяВВ"
 110008       0 ПС35Q10H-Avar                          D Тривога/немає                        105   27    0    0   E    0     1       1.0000       0.0000       0   0   0       0.0000 "ПС35~Q10H~АварійнеВимкненняВВ"
 110009       0 ПС35Q10H-Fault                         D Тривога/немає                        106   27    0    0   E    0     1       1.0000       0.0000       0   0   0       0.0000 "ПС35~Q10H~НесправністьВВ"
 110010       0 ПС35Q10H-AnFault                       D Тривога/немає                        106   27    0    0   E    0     1       1.0000       0.0000       0   0   1       0.0000 "ПС35~Q10H~ТривогаАналоговихВимірів"
 110011       0 ПС35Q10H-3H3                           D Виведено/Введено                     106   27    0    0   E    0     1       1.0000       0.0000       0   0   0       0.0000 "ПС35~Q10H~ПоложенняЗаземлювача"
